27	 	0	 	32	 	16	 	16
27	 	16	 	32	 	16	 	16
27	 	32	 	32	 	16	 	16
27	 	48	 	32	 	16	 	16
27	 	64	 	32	 	16	 	16
27	 	80	 	32	 	16	 	16
27	 	96	 	32	 	16	 	16
27	 	112	 	32	 	16	 	16
27	 	128	 	32	 	16	 	16
27	 	144	 	32	 	16	 	16
27	 	160	 	32	 	16	 	16
27	 	176	 	32	 	16	 	16
27	 	192	 	32	 	16	 	16
27	 	208	 	32	 	16	 	16
27	 	224	 	32	 	16	 	16
27	 	240	 	32	 	16	 	16
27	 	240	 	16	 	16	 	16
27	 	224	 	16	 	16	 	16
27	 	208	 	16	 	16	 	16
27	 	192	 	16	 	16	 	16
27	 	176	 	16	 	16	 	16
27	 	160	 	16	 	16	 	16
27	 	144	 	16	 	16	 	16
27	 	128	 	16	 	16	 	16
27	 	112	 	16	 	16	 	16
27	 	96	 	16	 	16	 	16
27	 	80	 	16	 	16	 	16
27	 	64	 	16	 	16	 	16
27	 	48	 	16	 	16	 	16
27	 	32	 	16	 	16	 	16
27	 	16	 	16	 	16	 	16
27	 	0	 	16	 	16	 	16
27	 	3312	 	32	 	16	 	16
27	 	3328	 	32	 	16	 	16
27	 	3344	 	32	 	16	 	16
27	 	3360	 	32	 	16	 	16
27	 	3376	 	32	 	16	 	16
27	 	3392	 	32	 	16	 	16
27	 	3408	 	32	 	16	 	16
27	 	3424	 	32	 	16	 	16
27	 	3440	 	32	 	16	 	16
27	 	3456	 	32	 	16	 	16
27	 	3472	 	32	 	16	 	16
27	 	3488	 	32	 	16	 	16
27	 	3504	 	32	 	16	 	16
27	 	3520	 	32	 	16	 	16
27	 	3536	 	32	 	16	 	16
27	 	3552	 	32	 	16	 	16
27	 	3568	 	32	 	16	 	16
27	 	3584	 	32	 	16	 	16
27	 	3600	 	32	 	16	 	16
27	 	3616	 	32	 	16	 	16
27	 	3632	 	32	 	16	 	16
27	 	3648	 	32	 	16	 	16
27	 	3664	 	32	 	16	 	16
27	 	3680	 	32	 	16	 	16
27	 	3696	 	32	 	16	 	16
27	 	3712	 	32	 	16	 	16
27	 	3728	 	32	 	16	 	16
27	 	3744	 	32	 	16	 	16
27	 	3760	 	32	 	16	 	16
27	 	3776	 	32	 	16	 	16
27	 	3792	 	32	 	16	 	16
27	 	3808	 	32	 	16	 	16
27	 	3808	 	16	 	16	 	16
27	 	3792	 	16	 	16	 	16
27	 	3776	 	16	 	16	 	16
27	 	3760	 	16	 	16	 	16
27	 	3744	 	16	 	16	 	16
27	 	3728	 	16	 	16	 	16
27	 	3712	 	16	 	16	 	16
27	 	3696	 	16	 	16	 	16
27	 	3680	 	16	 	16	 	16
27	 	3664	 	16	 	16	 	16
27	 	3648	 	16	 	16	 	16
27	 	3632	 	16	 	16	 	16
27	 	3616	 	16	 	16	 	16
27	 	3600	 	16	 	16	 	16
27	 	3584	 	16	 	16	 	16
27	 	3568	 	16	 	16	 	16
27	 	3552	 	16	 	16	 	16
27	 	3536	 	16	 	16	 	16
27	 	3520	 	16	 	16	 	16
27	 	3504	 	16	 	16	 	16
27	 	3488	 	16	 	16	 	16
27	 	3472	 	16	 	16	 	16
27	 	3456	 	16	 	16	 	16
27	 	3440	 	16	 	16	 	16
27	 	3424	 	16	 	16	 	16
27	 	3408	 	16	 	16	 	16
27	 	3392	 	16	 	16	 	16
27	 	3376	 	16	 	16	 	16
27	 	3360	 	16	 	16	 	16
27	 	3344	 	16	 	16	 	16
27	 	3312	 	16	 	16	 	16
27	 	3328	 	16	 	16	 	16
53	 	256	 	32	 	16	 	16
53	 	272	 	32	 	16	 	16
53	 	288	 	32	 	16	 	16
53	 	304	 	32	 	16	 	16
53	 	320	 	32	 	16	 	16
53	 	336	 	32	 	16	 	16
53	 	352	 	32	 	16	 	16
53	 	368	 	32	 	16	 	16
53	 	384	 	32	 	16	 	16
53	 	400	 	32	 	16	 	16
53	 	416	 	32	 	16	 	16
53	 	416	 	32	 	16	 	16
53	 	448	 	32	 	16	 	16
53	 	464	 	32	 	16	 	16
53	 	480	 	32	 	16	 	16
53	 	496	 	32	 	16	 	16
53	 	512	 	32	 	16	 	16
53	 	528	 	32	 	16	 	16
53	 	544	 	32	 	16	 	16
53	 	560	 	32	 	16	 	16
53	 	576	 	32	 	16	 	16
53	 	592	 	32	 	16	 	16
53	 	608	 	32	 	16	 	16
53	 	624	 	32	 	16	 	16
53	 	640	 	32	 	16	 	16
53	 	656	 	32	 	16	 	16
53	 	672	 	32	 	16	 	16
53	 	688	 	32	 	16	 	16
53	 	704	 	32	 	16	 	16
53	 	704	 	16	 	16	 	16
53	 	688	 	16	 	16	 	16
53	 	672	 	16	 	16	 	16
53	 	656	 	16	 	16	 	16
53	 	640	 	16	 	16	 	16
53	 	624	 	16	 	16	 	16
53	 	608	 	16	 	16	 	16
53	 	592	 	16	 	16	 	16
53	 	576	 	16	 	16	 	16
53	 	560	 	16	 	16	 	16
53	 	544	 	16	 	16	 	16
53	 	528	 	16	 	16	 	16
53	 	512	 	16	 	16	 	16
53	 	496	 	16	 	16	 	16
53	 	480	 	16	 	16	 	16
53	 	464	 	16	 	16	 	16
53	 	448	 	16	 	16	 	16
53	 	432	 	16	 	16	 	16
53	 	416	 	16	 	16	 	16
53	 	400	 	16	 	16	 	16
53	 	384	 	16	 	16	 	16
53	 	368	 	16	 	16	 	16
53	 	352	 	16	 	16	 	16
53	 	336	 	16	 	16	 	16
53	 	320	 	16	 	16	 	16
53	 	304	 	16	 	16	 	16
53	 	288	 	16	 	16	 	16
53	 	272	 	16	 	16	 	16
53	 	256	 	16	 	16	 	16
53	 	432	 	32	 	16	 	16
53	 	720	 	32	 	16	 	16
53	 	720	 	16	 	16	 	16
53	 	736	 	32	 	16	 	16
53	 	736	 	16	 	16	 	16
53	 	752	 	32	 	16	 	16
53	 	752	 	16	 	16	 	16
53	 	768	 	32	 	16	 	16
53	 	768	 	16	 	16	 	16
53	 	784	 	32	 	16	 	16
53	 	784	 	16	 	16	 	16
53	 	800	 	32	 	16	 	16
53	 	800	 	16	 	16	 	16
53	 	816	 	32	 	16	 	16
53	 	816	 	16	 	16	 	16
53	 	832	 	32	 	16	 	16
53	 	832	 	16	 	16	 	16
53	 	848	 	32	 	16	 	16
53	 	848	 	16	 	16	 	16
53	 	864	 	32	 	16	 	16
53	 	864	 	16	 	16	 	16
53	 	880	 	32	 	16	 	16
53	 	880	 	16	 	16	 	16
53	 	896	 	32	 	16	 	16
53	 	896	 	16	 	16	 	16
53	 	912	 	32	 	16	 	16
53	 	912	 	16	 	16	 	16
53	 	928	 	32	 	16	 	16
53	 	928	 	16	 	16	 	16
53	 	944	 	32	 	16	 	16
53	 	944	 	16	 	16	 	16
53	 	960	 	32	 	16	 	16
53	 	960	 	16	 	16	 	16
53	 	976	 	32	 	16	 	16
53	 	976	 	16	 	16	 	16
53	 	992	 	32	 	16	 	16
53	 	992	 	16	 	16	 	16
53	 	1008	 	32	 	16	 	16
53	 	1008	 	16	 	16	 	16
53	 	1024	 	32	 	16	 	16
53	 	1024	 	16	 	16	 	16
53	 	1040	 	32	 	16	 	16
53	 	1040	 	16	 	16	 	16
53	 	1056	 	32	 	16	 	16
53	 	1056	 	16	 	16	 	16
53	 	1072	 	32	 	16	 	16
53	 	1072	 	16	 	16	 	16
53	 	1088	 	32	 	16	 	16
53	 	1088	 	16	 	16	 	16
53	 	1104	 	32	 	16	 	16
53	 	1104	 	16	 	16	 	16
53	 	1120	 	32	 	16	 	16
53	 	1120	 	16	 	16	 	16
53	 	1136	 	32	 	16	 	16
53	 	1136	 	16	 	16	 	16
53	 	1152	 	32	 	16	 	16
53	 	1152	 	16	 	16	 	16
53	 	1168	 	32	 	16	 	16
53	 	1168	 	16	 	16	 	16
53	 	1184	 	32	 	16	 	16
53	 	1184	 	16	 	16	 	16
53	 	1200	 	32	 	16	 	16
53	 	1200	 	16	 	16	 	16
53	 	1216	 	32	 	16	 	16
53	 	1216	 	16	 	16	 	16
53	 	1232	 	32	 	16	 	16
53	 	1232	 	16	 	16	 	16
53	 	1248	 	32	 	16	 	16
53	 	1248	 	16	 	16	 	16
53	 	1264	 	32	 	16	 	16
53	 	1264	 	16	 	16	 	16
53	 	1280	 	32	 	16	 	16
53	 	1280	 	16	 	16	 	16
53	 	1296	 	32	 	16	 	16
53	 	1296	 	16	 	16	 	16
53	 	1312	 	32	 	16	 	16
53	 	1312	 	16	 	16	 	16
53	 	1328	 	32	 	16	 	16
53	 	1328	 	16	 	16	 	16
53	 	1344	 	32	 	16	 	16
53	 	1344	 	16	 	16	 	16
53	 	1360	 	32	 	16	 	16
53	 	1360	 	16	 	16	 	16
53	 	1376	 	32	 	16	 	16
53	 	1376	 	16	 	16	 	16
53	 	1392	 	32	 	16	 	16
53	 	1392	 	16	 	16	 	16
53	 	1408	 	32	 	16	 	16
53	 	1408	 	16	 	16	 	16
53	 	1424	 	32	 	16	 	16
53	 	1424	 	16	 	16	 	16
53	 	1424	 	32	 	16	 	16
53	 	1424	 	16	 	16	 	16
53	 	1440	 	32	 	16	 	16
53	 	1440	 	16	 	16	 	16
53	 	1456	 	32	 	16	 	16
53	 	1456	 	16	 	16	 	16
53	 	1472	 	32	 	16	 	16
53	 	1472	 	16	 	16	 	16
53	 	1488	 	32	 	16	 	16
53	 	1488	 	16	 	16	 	16
53	 	1504	 	32	 	16	 	16
53	 	1504	 	16	 	16	 	16
53	 	1520	 	32	 	16	 	16
53	 	1520	 	16	 	16	 	16
53	 	1584	 	32	 	16	 	16
53	 	1600	 	32	 	16	 	16
53	 	1616	 	32	 	16	 	16
53	 	1632	 	32	 	16	 	16
53	 	1648	 	32	 	16	 	16
53	 	1664	 	32	 	16	 	16
53	 	1664	 	32	 	16	 	16
53	 	1696	 	32	 	16	 	16
53	 	1712	 	32	 	16	 	16
53	 	1728	 	32	 	16	 	16
53	 	1744	 	32	 	16	 	16
53	 	1760	 	32	 	16	 	16
53	 	1776	 	32	 	16	 	16
53	 	1792	 	32	 	16	 	16
53	 	1808	 	32	 	16	 	16
53	 	1824	 	32	 	16	 	16
53	 	1840	 	32	 	16	 	16
53	 	1856	 	32	 	16	 	16
53	 	1872	 	32	 	16	 	16
53	 	1888	 	32	 	16	 	16
53	 	1904	 	32	 	16	 	16
53	 	1920	 	32	 	16	 	16
53	 	1936	 	32	 	16	 	16
53	 	1952	 	32	 	16	 	16
53	 	1968	 	32	 	16	 	16
53	 	1984	 	32	 	16	 	16
53	 	2000	 	32	 	16	 	16
53	 	2016	 	32	 	16	 	16
53	 	2032	 	32	 	16	 	16
53	 	2048	 	32	 	16	 	16
53	 	2064	 	32	 	16	 	16
53	 	2080	 	32	 	16	 	16
53	 	2096	 	32	 	16	 	16
53	 	2112	 	32	 	16	 	16
53	 	2128	 	32	 	16	 	16
53	 	2144	 	32	 	16	 	16
53	 	2160	 	32	 	16	 	16
53	 	2160	 	16	 	16	 	16
53	 	2144	 	16	 	16	 	16
53	 	2128	 	16	 	16	 	16
53	 	2112	 	16	 	16	 	16
53	 	2096	 	16	 	16	 	16
53	 	2080	 	16	 	16	 	16
53	 	2064	 	16	 	16	 	16
53	 	2048	 	16	 	16	 	16
53	 	2032	 	16	 	16	 	16
53	 	2016	 	16	 	16	 	16
53	 	2000	 	16	 	16	 	16
53	 	1984	 	16	 	16	 	16
53	 	1968	 	16	 	16	 	16
53	 	1952	 	16	 	16	 	16
53	 	1936	 	16	 	16	 	16
53	 	1920	 	16	 	16	 	16
53	 	1904	 	16	 	16	 	16
53	 	1888	 	16	 	16	 	16
53	 	1872	 	16	 	16	 	16
53	 	1856	 	16	 	16	 	16
53	 	1840	 	16	 	16	 	16
53	 	1824	 	16	 	16	 	16
53	 	1808	 	16	 	16	 	16
53	 	1792	 	16	 	16	 	16
53	 	1776	 	16	 	16	 	16
53	 	1760	 	16	 	16	 	16
53	 	1744	 	16	 	16	 	16
53	 	1728	 	16	 	16	 	16
53	 	1712	 	16	 	16	 	16
53	 	1696	 	16	 	16	 	16
53	 	1680	 	16	 	16	 	16
53	 	1664	 	16	 	16	 	16
53	 	1648	 	16	 	16	 	16
53	 	1632	 	16	 	16	 	16
53	 	1616	 	16	 	16	 	16
53	 	1600	 	16	 	16	 	16
53	 	1584	 	16	 	16	 	16
53	 	1648	 	32	 	16	 	16
53	 	1664	 	32	 	16	 	16
53	 	1648	 	32	 	16	 	16
53	 	1680	 	32	 	16	 	16
53	 	2208	 	32	 	16	 	16
53	 	2224	 	32	 	16	 	16
53	 	2208	 	16	 	16	 	16
53	 	2224	 	16	 	16	 	16
53	 	2272	 	32	 	16	 	16
53	 	2288	 	32	 	16	 	16
53	 	2304	 	32	 	16	 	16
53	 	2320	 	32	 	16	 	16
53	 	2336	 	32	 	16	 	16
53	 	2352	 	32	 	16	 	16
53	 	2368	 	32	 	16	 	16
53	 	2384	 	32	 	16	 	16
53	 	2400	 	32	 	16	 	16
53	 	2416	 	32	 	16	 	16
53	 	2432	 	32	 	16	 	16
53	 	2448	 	32	 	16	 	16
53	 	2448	 	16	 	16	 	16
53	 	2432	 	16	 	16	 	16
53	 	2416	 	16	 	16	 	16
53	 	2400	 	16	 	16	 	16
53	 	2384	 	16	 	16	 	16
53	 	2368	 	16	 	16	 	16
53	 	2352	 	16	 	16	 	16
53	 	2336	 	16	 	16	 	16
53	 	2320	 	16	 	16	 	16
53	 	2304	 	16	 	16	 	16
53	 	2288	 	16	 	16	 	16
53	 	2272	 	16	 	16	 	16
53	 	2576	 	32	 	16	 	16
53	 	2592	 	32	 	16	 	16
53	 	2608	 	32	 	16	 	16
53	 	2624	 	32	 	16	 	16
53	 	2640	 	32	 	16	 	16
53	 	2656	 	32	 	16	 	16
53	 	2672	 	32	 	16	 	16
53	 	2688	 	32	 	16	 	16
53	 	2688	 	16	 	16	 	16
53	 	2672	 	16	 	16	 	16
53	 	2656	 	16	 	16	 	16
53	 	2640	 	16	 	16	 	16
53	 	2624	 	16	 	16	 	16
53	 	2608	 	16	 	16	 	16
53	 	2592	 	16	 	16	 	16
53	 	2576	 	16	 	16	 	16
53	 	2816	 	32	 	16	 	16
53	 	2832	 	32	 	16	 	16
53	 	2848	 	32	 	16	 	16
53	 	2864	 	32	 	16	 	16
53	 	2880	 	32	 	16	 	16
53	 	2896	 	32	 	16	 	16
53	 	2912	 	32	 	16	 	16
53	 	2928	 	32	 	16	 	16
53	 	2944	 	32	 	16	 	16
53	 	2960	 	32	 	16	 	16
53	 	2976	 	32	 	16	 	16
53	 	2992	 	32	 	16	 	16
53	 	3008	 	32	 	16	 	16
53	 	3024	 	32	 	16	 	16
53	 	3040	 	32	 	16	 	16
53	 	3056	 	32	 	16	 	16
53	 	3072	 	32	 	16	 	16
53	 	3088	 	32	 	16	 	16
53	 	3104	 	32	 	16	 	16
53	 	3120	 	32	 	16	 	16
53	 	3136	 	32	 	16	 	16
53	 	3152	 	32	 	16	 	16
53	 	3168	 	32	 	16	 	16
53	 	3184	 	32	 	16	 	16
53	 	3200	 	32	 	16	 	16
53	 	3216	 	32	 	16	 	16
53	 	3232	 	32	 	16	 	16
53	 	3248	 	32	 	16	 	16
53	 	3264	 	32	 	16	 	16
53	 	3280	 	32	 	16	 	16
53	 	3296	 	32	 	16	 	16
53	 	3296	 	16	 	16	 	16
53	 	3280	 	16	 	16	 	16
53	 	3264	 	16	 	16	 	16
53	 	3248	 	16	 	16	 	16
53	 	3232	 	16	 	16	 	16
53	 	3216	 	16	 	16	 	16
53	 	3200	 	16	 	16	 	16
53	 	3184	 	16	 	16	 	16
53	 	3168	 	16	 	16	 	16
53	 	3152	 	16	 	16	 	16
53	 	3136	 	16	 	16	 	16
53	 	3120	 	16	 	16	 	16
53	 	3104	 	16	 	16	 	16
53	 	3088	 	16	 	16	 	16
53	 	3072	 	16	 	16	 	16
53	 	3056	 	16	 	16	 	16
53	 	3040	 	16	 	16	 	16
53	 	3024	 	16	 	16	 	16
53	 	3008	 	16	 	16	 	16
53	 	2992	 	16	 	16	 	16
53	 	2976	 	16	 	16	 	16
53	 	2960	 	16	 	16	 	16
53	 	2944	 	16	 	16	 	16
53	 	2928	 	16	 	16	 	16
53	 	2912	 	16	 	16	 	16
53	 	2896	 	16	 	16	 	16
53	 	2880	 	16	 	16	 	16
53	 	2864	 	16	 	16	 	16
53	 	2848	 	16	 	16	 	16
53	 	2832	 	16	 	16	 	16
53	 	2816	 	16	 	16	 	16
27	 	0	 	32	 	16	 	16
25	 	1904	 	48	 	32	 	16
25	 	2000	 	48	 	32	 	16
25	 	2000	 	64	 	32	 	16
24	 	1904	 	64	 	32	 	16
24	 	2000	 	80	 	32	 	16
24	 	2096	 	48	 	32	 	16
24	 	3360	 	48	 	32	 	16
23	 	1904	 	80	 	32	 	16
23	 	2000	 	96	 	32	 	16
23	 	2096	 	64	 	32	 	16
23	 	3360	 	64	 	32	 	16
26	 	0	 	48	 	80	 	80
26	 	3728	 	48	 	80	 	80
20	 	144	 	128	 	32	 	24
20	 	3696	 	176	 	32	 	24
21	 	3392	 	208	 	48	 	24
21	 	48	 	176	 	48	 	24
33	 	3568	 	48	 	80	 	16
34	 	3584	 	64	 	48	 	19
32	 	3392	 	48	 	16	 	16
32	 	3408	 	48	 	16	 	16
32	 	3424	 	48	 	16	 	16
32	 	3440	 	48	 	16	 	16
32	 	3456	 	48	 	16	 	16
32	 	3472	 	48	 	16	 	16
32	 	3488	 	48	 	16	 	16
32	 	3504	 	48	 	16	 	16
32	 	3520	 	48	 	16	 	16
32	 	3520	 	64	 	16	 	16
32	 	3504	 	64	 	16	 	16
32	 	3488	 	64	 	16	 	16
32	 	3472	 	64	 	16	 	16
32	 	3456	 	64	 	16	 	16
32	 	3440	 	64	 	16	 	16
32	 	3424	 	64	 	16	 	16
32	 	3408	 	64	 	16	 	16
32	 	3424	 	80	 	16	 	16
32	 	3440	 	80	 	16	 	16
32	 	3456	 	80	 	16	 	16
32	 	3472	 	80	 	16	 	16
32	 	3488	 	80	 	16	 	16
32	 	3504	 	80	 	16	 	16
32	 	3520	 	80	 	16	 	16
32	 	3520	 	96	 	16	 	16
32	 	3504	 	96	 	16	 	16
32	 	3488	 	96	 	16	 	16
32	 	3472	 	96	 	16	 	16
32	 	3456	 	96	 	16	 	16
32	 	3440	 	96	 	16	 	16
32	 	3456	 	112	 	16	 	16
32	 	3472	 	112	 	16	 	16
32	 	3488	 	112	 	16	 	16
32	 	3504	 	112	 	16	 	16
32	 	3520	 	112	 	16	 	16
32	 	3520	 	128	 	16	 	16
32	 	3504	 	128	 	16	 	16
32	 	3488	 	128	 	16	 	16
32	 	3472	 	128	 	16	 	16
32	 	3488	 	144	 	16	 	16
32	 	3504	 	144	 	16	 	16
32	 	3520	 	144	 	16	 	16
32	 	3520	 	160	 	16	 	16
32	 	3504	 	160	 	16	 	16
49	 	528	 	48	 	16	 	16
49	 	560	 	64	 	16	 	16
49	 	560	 	48	 	16	 	16
49	 	592	 	80	 	16	 	16
49	 	592	 	64	 	16	 	16
49	 	592	 	48	 	16	 	16
49	 	624	 	96	 	16	 	16
49	 	624	 	80	 	16	 	16
49	 	624	 	64	 	16	 	16
49	 	624	 	48	 	16	 	16
49	 	656	 	96	 	16	 	16
49	 	656	 	80	 	16	 	16
49	 	656	 	64	 	16	 	16
49	 	656	 	48	 	16	 	16
49	 	688	 	80	 	16	 	16
49	 	688	 	64	 	16	 	16
49	 	688	 	48	 	16	 	16
49	 	752	 	80	 	16	 	16
49	 	752	 	64	 	16	 	16
49	 	752	 	48	 	16	 	16
49	 	784	 	64	 	16	 	16
49	 	784	 	48	 	16	 	16
49	 	2384	 	48	 	16	 	16
49	 	2400	 	48	 	16	 	16
49	 	2416	 	48	 	16	 	16
49	 	2432	 	48	 	16	 	16
49	 	2448	 	48	 	16	 	16
49	 	2448	 	64	 	16	 	16
49	 	2432	 	64	 	16	 	16
49	 	2416	 	64	 	16	 	16
49	 	2400	 	64	 	16	 	16
49	 	2416	 	80	 	16	 	16
49	 	2432	 	80	 	16	 	16
49	 	2448	 	80	 	16	 	16
49	 	2448	 	96	 	16	 	16
49	 	2432	 	96	 	16	 	16
3	 	416	 	96	 	16	 	16
1	 	432	 	96	 	16	 	16
1	 	448	 	96	 	16	 	16
1	 	464	 	96	 	16	 	16
1	 	480	 	96	 	16	 	16
9	 	3248	 	96	 	16	 	14
9	 	720	 	112	 	16	 	14
3	 	1360	 	112	 	16	 	16
3	 	2656	 	112	 	16	 	16
4	 	1680	 	208	 	16	 	16
9	 	1424	 	112	 	16	 	14
55	 	896	 	112	 	16	 	14
55	 	976	 	112	 	16	 	14
55	 	912	 	160	 	16	 	14
55	 	928	 	160	 	16	 	14
55	 	944	 	160	 	16	 	14
55	 	960	 	160	 	16	 	14
55	 	1184	 	112	 	16	 	14
55	 	1200	 	112	 	16	 	14
55	 	1216	 	112	 	16	 	14
55	 	1232	 	112	 	16	 	14
55	 	1344	 	112	 	16	 	14
55	 	1600	 	160	 	16	 	14
55	 	1616	 	160	 	16	 	14
55	 	1632	 	160	 	16	 	14
55	 	1648	 	160	 	16	 	14
55	 	1664	 	160	 	16	 	14
55	 	1680	 	160	 	16	 	14
55	 	3120	 	112	 	16	 	14
55	 	3136	 	112	 	16	 	14
55	 	3152	 	112	 	16	 	14
55	 	3168	 	112	 	16	 	14
55	 	3184	 	112	 	16	 	14
55	 	3200	 	112	 	16	 	14
55	 	3216	 	112	 	16	 	14
55	 	3232	 	112	 	16	 	14
55	 	3232	 	48	 	16	 	14
55	 	3216	 	48	 	16	 	14
55	 	3200	 	48	 	16	 	14
55	 	3184	 	48	 	16	 	14
55	 	3168	 	48	 	16	 	14
55	 	3152	 	48	 	16	 	14
55	 	3136	 	48	 	16	 	14
55	 	3120	 	48	 	16	 	14
55	 	3104	 	48	 	16	 	14
5	 	992	 	128	 	16	 	16
60	 	256	 	96	 	16	 	16
2	 	256	 	112	 	16	 	16
2	 	256	 	128	 	16	 	16
2	 	256	 	144	 	16	 	16
2	 	256	 	160	 	16	 	16
2	 	256	 	176	 	16	 	16
2	 	256	 	192	 	16	 	16
2	 	256	 	208	 	16	 	16
2	 	352	 	208	 	16	 	16
2	 	368	 	208	 	16	 	16
2	 	384	 	208	 	16	 	16
2	 	400	 	208	 	16	 	16
2	 	416	 	208	 	16	 	16
2	 	432	 	208	 	16	 	16
2	 	448	 	208	 	16	 	16
2	 	464	 	208	 	16	 	16
2	 	480	 	208	 	16	 	16
2	 	496	 	208	 	16	 	16
2	 	512	 	208	 	16	 	16
2	 	528	 	208	 	16	 	16
2	 	544	 	208	 	16	 	16
2	 	560	 	208	 	16	 	16
2	 	576	 	208	 	16	 	16
2	 	592	 	208	 	16	 	16
2	 	608	 	208	 	16	 	16
2	 	624	 	208	 	16	 	16
2	 	640	 	208	 	16	 	16
2	 	656	 	208	 	16	 	16
2	 	672	 	208	 	16	 	16
2	 	688	 	208	 	16	 	16
2	 	704	 	208	 	16	 	16
2	 	720	 	208	 	16	 	16
2	 	736	 	208	 	16	 	16
2	 	752	 	208	 	16	 	16
2	 	768	 	208	 	16	 	16
2	 	784	 	208	 	16	 	16
2	 	800	 	208	 	16	 	16
2	 	816	 	208	 	16	 	16
2	 	832	 	208	 	16	 	16
2	 	848	 	208	 	16	 	16
2	 	864	 	208	 	16	 	16
60	 	880	 	208	 	16	 	16
60	 	896	 	208	 	16	 	16
60	 	912	 	208	 	16	 	16
60	 	928	 	208	 	16	 	16
60	 	944	 	208	 	16	 	16
60	 	960	 	208	 	16	 	16
60	 	976	 	208	 	16	 	16
60	 	992	 	208	 	16	 	16
2	 	1008	 	208	 	16	 	16
2	 	1024	 	208	 	16	 	16
2	 	1040	 	208	 	16	 	16
2	 	1056	 	208	 	16	 	16
2	 	1072	 	208	 	16	 	16
2	 	1088	 	208	 	16	 	16
2	 	1104	 	208	 	16	 	16
2	 	1088	 	160	 	16	 	16
2	 	1104	 	160	 	16	 	16
2	 	1088	 	144	 	16	 	16
2	 	1104	 	144	 	16	 	16
2	 	1088	 	128	 	16	 	16
2	 	1104	 	128	 	16	 	16
2	 	1088	 	112	 	16	 	16
2	 	1104	 	112	 	16	 	16
2	 	1088	 	96	 	16	 	16
2	 	1104	 	96	 	16	 	16
60	 	1120	 	96	 	16	 	16
60	 	1136	 	96	 	16	 	16
2	 	1120	 	176	 	16	 	16
2	 	1136	 	176	 	16	 	16
2	 	1120	 	192	 	16	 	16
2	 	1136	 	192	 	16	 	16
60	 	992	 	112	 	16	 	16
60	 	992	 	96	 	16	 	16
60	 	976	 	96	 	16	 	16
60	 	960	 	96	 	16	 	16
2	 	960	 	112	 	16	 	16
2	 	960	 	128	 	16	 	16
2	 	944	 	128	 	16	 	16
2	 	928	 	128	 	16	 	16
2	 	912	 	128	 	16	 	16
2	 	912	 	112	 	16	 	16
60	 	912	 	96	 	16	 	16
60	 	896	 	96	 	16	 	16
60	 	880	 	96	 	16	 	16
2	 	1120	 	208	 	16	 	16
2	 	1136	 	208	 	16	 	16
2	 	1152	 	208	 	16	 	16
2	 	1168	 	208	 	16	 	16
2	 	1184	 	208	 	16	 	16
2	 	1200	 	208	 	16	 	16
2	 	1216	 	208	 	16	 	16
2	 	1232	 	208	 	16	 	16
2	 	1248	 	208	 	16	 	16
2	 	1264	 	208	 	16	 	16
2	 	1264	 	192	 	16	 	16
2	 	1248	 	192	 	16	 	16
2	 	1232	 	192	 	16	 	16
2	 	1216	 	192	 	16	 	16
2	 	1200	 	192	 	16	 	16
2	 	1184	 	192	 	16	 	16
2	 	1184	 	176	 	16	 	16
2	 	1200	 	176	 	16	 	16
2	 	1216	 	176	 	16	 	16
2	 	1232	 	176	 	16	 	16
2	 	1248	 	176	 	16	 	16
2	 	1264	 	176	 	16	 	16
2	 	1248	 	160	 	16	 	16
2	 	1264	 	160	 	16	 	16
2	 	1248	 	144	 	16	 	16
2	 	1264	 	144	 	16	 	16
2	 	1248	 	128	 	16	 	16
2	 	1264	 	128	 	16	 	16
2	 	1248	 	112	 	16	 	16
2	 	1264	 	112	 	16	 	16
60	 	1264	 	96	 	16	 	16
60	 	1248	 	96	 	16	 	16
60	 	1232	 	96	 	16	 	16
60	 	1216	 	96	 	16	 	16
60	 	1200	 	96	 	16	 	16
60	 	1184	 	96	 	16	 	16
2	 	1280	 	208	 	16	 	16
2	 	1296	 	208	 	16	 	16
2	 	1312	 	208	 	16	 	16
2	 	1328	 	208	 	16	 	16
2	 	1344	 	208	 	16	 	16
2	 	1360	 	208	 	16	 	16
2	 	1360	 	192	 	16	 	16
2	 	1344	 	192	 	16	 	16
2	 	1328	 	192	 	16	 	16
2	 	1312	 	192	 	16	 	16
2	 	1312	 	176	 	16	 	16
2	 	1328	 	176	 	16	 	16
2	 	1344	 	176	 	16	 	16
2	 	1360	 	176	 	16	 	16
2	 	1328	 	160	 	16	 	16
2	 	1328	 	144	 	16	 	16
2	 	1328	 	128	 	16	 	16
2	 	1328	 	112	 	16	 	16
60	 	1328	 	96	 	16	 	16
60	 	1344	 	96	 	16	 	16
60	 	1360	 	96	 	16	 	16
2	 	1408	 	160	 	16	 	16
2	 	1424	 	160	 	16	 	16
2	 	1408	 	144	 	16	 	16
2	 	1424	 	144	 	16	 	16
2	 	1408	 	128	 	16	 	16
2	 	1424	 	128	 	16	 	16
2	 	1408	 	112	 	16	 	16
60	 	1408	 	96	 	16	 	16
60	 	1424	 	96	 	16	 	16
60	 	1472	 	96	 	16	 	16
60	 	1488	 	96	 	16	 	16
60	 	1504	 	96	 	16	 	16
60	 	1520	 	96	 	16	 	16
2	 	1472	 	176	 	16	 	16
2	 	1488	 	176	 	16	 	16
2	 	1504	 	176	 	16	 	16
2	 	1520	 	176	 	16	 	16
2	 	1520	 	192	 	16	 	16
2	 	1504	 	192	 	16	 	16
2	 	1488	 	192	 	16	 	16
2	 	1472	 	192	 	16	 	16
2	 	1472	 	208	 	16	 	16
2	 	1488	 	208	 	16	 	16
2	 	1504	 	208	 	16	 	16
2	 	1520	 	208	 	16	 	16
2	 	1376	 	208	 	16	 	16
2	 	1392	 	208	 	16	 	16
2	 	1408	 	208	 	16	 	16
2	 	1424	 	208	 	16	 	16
2	 	1440	 	208	 	16	 	16
2	 	1456	 	208	 	16	 	16
2	 	1536	 	208	 	16	 	16
2	 	1552	 	208	 	16	 	16
2	 	1568	 	208	 	16	 	16
2	 	1584	 	208	 	16	 	16
60	 	1600	 	208	 	16	 	16
60	 	1616	 	208	 	16	 	16
60	 	1632	 	208	 	16	 	16
60	 	1648	 	208	 	16	 	16
60	 	1664	 	208	 	16	 	16
2	 	1600	 	128	 	16	 	16
2	 	1600	 	112	 	16	 	16
2	 	1616	 	128	 	16	 	16
2	 	1616	 	112	 	16	 	16
2	 	1632	 	128	 	16	 	16
2	 	1632	 	112	 	16	 	16
2	 	1648	 	128	 	16	 	16
2	 	1648	 	112	 	16	 	16
2	 	1664	 	128	 	16	 	16
2	 	1664	 	112	 	16	 	16
2	 	1680	 	128	 	16	 	16
2	 	1680	 	112	 	16	 	16
2	 	1696	 	208	 	16	 	16
2	 	1712	 	208	 	16	 	16
2	 	1728	 	208	 	16	 	16
2	 	1744	 	208	 	16	 	16
2	 	1760	 	208	 	16	 	16
2	 	1776	 	208	 	16	 	16
2	 	1792	 	208	 	16	 	16
2	 	1808	 	208	 	16	 	16
2	 	1824	 	208	 	16	 	16
2	 	1840	 	208	 	16	 	16
2	 	1856	 	208	 	16	 	16
2	 	1872	 	208	 	16	 	16
2	 	1904	 	208	 	16	 	16
2	 	1888	 	208	 	16	 	16
2	 	1920	 	208	 	16	 	16
2	 	1936	 	208	 	16	 	16
2	 	1952	 	208	 	16	 	16
2	 	1968	 	208	 	16	 	16
2	 	1984	 	208	 	16	 	16
2	 	2000	 	208	 	16	 	16
2	 	2016	 	208	 	16	 	16
2	 	2032	 	208	 	16	 	16
2	 	2048	 	208	 	16	 	16
2	 	2064	 	208	 	16	 	16
2	 	2080	 	208	 	16	 	16
2	 	2096	 	208	 	16	 	16
2	 	2112	 	208	 	16	 	16
2	 	2128	 	208	 	16	 	16
2	 	2144	 	208	 	16	 	16
2	 	2160	 	208	 	16	 	16
2	 	2176	 	208	 	16	 	16
2	 	2192	 	208	 	16	 	16
2	 	2208	 	208	 	16	 	16
2	 	2224	 	208	 	16	 	16
2	 	2240	 	208	 	16	 	16
2	 	2256	 	208	 	16	 	16
2	 	2208	 	48	 	16	 	16
2	 	2224	 	48	 	16	 	16
2	 	2208	 	64	 	16	 	16
2	 	2224	 	64	 	16	 	16
2	 	2224	 	80	 	16	 	16
2	 	2208	 	80	 	16	 	16
2	 	2272	 	208	 	16	 	16
2	 	2288	 	208	 	16	 	16
2	 	2304	 	208	 	16	 	16
2	 	2320	 	208	 	16	 	16
2	 	2336	 	208	 	16	 	16
2	 	2352	 	208	 	16	 	16
2	 	2368	 	208	 	16	 	16
2	 	2384	 	208	 	16	 	16
2	 	2400	 	208	 	16	 	16
2	 	2416	 	208	 	16	 	16
2	 	2432	 	208	 	16	 	16
2	 	2448	 	208	 	16	 	16
60	 	2576	 	112	 	16	 	16
60	 	2592	 	112	 	16	 	16
60	 	2608	 	112	 	16	 	16
60	 	2624	 	112	 	16	 	16
60	 	2640	 	112	 	16	 	16
2	 	2832	 	208	 	16	 	16
2	 	2848	 	208	 	16	 	16
2	 	2864	 	208	 	16	 	16
2	 	2880	 	208	 	16	 	16
2	 	2896	 	208	 	16	 	16
2	 	2912	 	208	 	16	 	16
2	 	2928	 	208	 	16	 	16
2	 	2976	 	208	 	16	 	16
2	 	2992	 	208	 	16	 	16
2	 	3008	 	208	 	16	 	16
2	 	3024	 	208	 	16	 	16
2	 	3040	 	208	 	16	 	16
2	 	3056	 	208	 	16	 	16
2	 	3056	 	192	 	16	 	16
2	 	3056	 	176	 	16	 	16
2	 	3056	 	160	 	16	 	16
2	 	3056	 	144	 	16	 	16
2	 	3056	 	128	 	16	 	16
2	 	3056	 	112	 	16	 	16
2	 	3056	 	96	 	16	 	16
2	 	3056	 	80	 	16	 	16
2	 	3056	 	64	 	16	 	16
2	 	3056	 	48	 	16	 	16
2	 	2816	 	48	 	16	 	16
2	 	2816	 	64	 	16	 	16
2	 	2816	 	80	 	16	 	16
2	 	2832	 	80	 	16	 	16
2	 	2848	 	80	 	16	 	16
2	 	2864	 	80	 	16	 	16
2	 	2880	 	80	 	16	 	16
2	 	2896	 	80	 	16	 	16
2	 	2912	 	80	 	16	 	16
2	 	2928	 	80	 	16	 	16
2	 	2944	 	80	 	16	 	16
2	 	2960	 	80	 	16	 	16
2	 	2976	 	80	 	16	 	16
2	 	2976	 	96	 	16	 	16
2	 	2976	 	112	 	16	 	16
2	 	2976	 	128	 	16	 	16
2	 	2976	 	144	 	16	 	16
2	 	2976	 	160	 	16	 	16
2	 	2976	 	176	 	16	 	16
2	 	2976	 	192	 	16	 	16
2	 	2992	 	192	 	16	 	16
2	 	3008	 	192	 	16	 	16
2	 	3024	 	192	 	16	 	16
2	 	3040	 	192	 	16	 	16
2	 	3040	 	176	 	16	 	16
2	 	3024	 	176	 	16	 	16
2	 	3008	 	176	 	16	 	16
2	 	2992	 	176	 	16	 	16
2	 	2992	 	160	 	16	 	16
2	 	3008	 	160	 	16	 	16
2	 	3024	 	160	 	16	 	16
2	 	3040	 	160	 	16	 	16
2	 	3040	 	144	 	16	 	16
2	 	3024	 	144	 	16	 	16
2	 	3008	 	144	 	16	 	16
2	 	2992	 	144	 	16	 	16
2	 	2992	 	128	 	16	 	16
2	 	3008	 	128	 	16	 	16
2	 	3024	 	128	 	16	 	16
2	 	3040	 	128	 	16	 	16
2	 	3040	 	112	 	16	 	16
2	 	3024	 	112	 	16	 	16
2	 	3008	 	112	 	16	 	16
2	 	2992	 	112	 	16	 	16
2	 	2992	 	96	 	16	 	16
2	 	3008	 	96	 	16	 	16
2	 	3040	 	96	 	16	 	16
2	 	3024	 	96	 	16	 	16
2	 	3040	 	80	 	16	 	16
2	 	3040	 	64	 	16	 	16
2	 	3040	 	48	 	16	 	16
2	 	3024	 	80	 	16	 	16
2	 	3024	 	64	 	16	 	16
2	 	3024	 	48	 	16	 	16
2	 	3008	 	80	 	16	 	16
2	 	3008	 	64	 	16	 	16
2	 	3008	 	48	 	16	 	16
2	 	2992	 	80	 	16	 	16
2	 	2992	 	64	 	16	 	16
2	 	2992	 	48	 	16	 	16
2	 	2976	 	64	 	16	 	16
2	 	2976	 	48	 	16	 	16
2	 	2960	 	64	 	16	 	16
2	 	2960	 	48	 	16	 	16
2	 	2944	 	64	 	16	 	16
2	 	2944	 	48	 	16	 	16
2	 	2928	 	64	 	16	 	16
2	 	2928	 	48	 	16	 	16
2	 	2912	 	64	 	16	 	16
2	 	2912	 	48	 	16	 	16
2	 	2896	 	64	 	16	 	16
2	 	2896	 	48	 	16	 	16
2	 	2880	 	64	 	16	 	16
2	 	2880	 	48	 	16	 	16
2	 	2864	 	64	 	16	 	16
2	 	2864	 	48	 	16	 	16
2	 	2848	 	64	 	16	 	16
2	 	2848	 	48	 	16	 	16
2	 	2832	 	64	 	16	 	16
2	 	2832	 	48	 	16	 	16
60	 	3120	 	96	 	16	 	16
60	 	3136	 	96	 	16	 	16
60	 	3152	 	96	 	16	 	16
60	 	3168	 	96	 	16	 	16
60	 	3184	 	96	 	16	 	16
60	 	3200	 	96	 	16	 	16
60	 	3232	 	96	 	16	 	16
2	 	3216	 	96	 	16	 	16
2	 	3264	 	96	 	16	 	16
2	 	3280	 	96	 	16	 	16
2	 	3264	 	80	 	16	 	16
2	 	3280	 	80	 	16	 	16
60	 	3104	 	160	 	16	 	16
60	 	3120	 	160	 	16	 	16
60	 	3136	 	160	 	16	 	16
60	 	3152	 	160	 	16	 	16
60	 	3168	 	160	 	16	 	16
60	 	3184	 	160	 	16	 	16
60	 	3200	 	160	 	16	 	16
60	 	3216	 	160	 	16	 	16
60	 	3232	 	160	 	16	 	16
60	 	3248	 	160	 	16	 	16
2	 	3264	 	160	 	16	 	16
2	 	3280	 	160	 	16	 	16
2	 	3264	 	128	 	16	 	16
2	 	3264	 	144	 	16	 	16
2	 	3280	 	144	 	16	 	16
2	 	3280	 	128	 	16	 	16
2	 	3264	 	112	 	16	 	16
2	 	3280	 	112	 	16	 	16
2	 	3280	 	176	 	16	 	16
2	 	3264	 	176	 	16	 	16
2	 	3264	 	192	 	16	 	16
2	 	3280	 	192	 	16	 	16
2	 	3280	 	208	 	16	 	16
2	 	3264	 	208	 	16	 	16
2	 	3248	 	208	 	16	 	16
2	 	3232	 	176	 	16	 	16
2	 	3248	 	192	 	16	 	16
2	 	3248	 	176	 	16	 	16
2	 	3232	 	208	 	16	 	16
2	 	3232	 	192	 	16	 	16
2	 	3216	 	208	 	16	 	16
2	 	3216	 	192	 	16	 	16
2	 	3216	 	176	 	16	 	16
2	 	3200	 	208	 	16	 	16
2	 	3200	 	192	 	16	 	16
2	 	3200	 	176	 	16	 	16
2	 	3184	 	176	 	16	 	16
2	 	3184	 	192	 	16	 	16
2	 	3184	 	208	 	16	 	16
2	 	3168	 	208	 	16	 	16
2	 	3168	 	192	 	16	 	16
2	 	3168	 	176	 	16	 	16
2	 	3152	 	176	 	16	 	16
2	 	3152	 	192	 	16	 	16
2	 	3136	 	208	 	16	 	16
2	 	3152	 	208	 	16	 	16
2	 	3104	 	208	 	16	 	16
2	 	3104	 	192	 	16	 	16
2	 	3104	 	176	 	16	 	16
2	 	3136	 	176	 	16	 	16
2	 	3120	 	176	 	16	 	16
2	 	3120	 	192	 	16	 	16
2	 	3136	 	192	 	16	 	16
2	 	3120	 	208	 	16	 	16
60	 	3104	 	96	 	16	 	16
28	 	1455	 	86	 	16	 	16
28	 	712	 	48	 	16	 	16
28	 	1254	 	48	 	16	 	16
28	 	1209	 	48	 	16	 	16
28	 	1454	 	86	 	16	 	16
28	 	1480	 	111	 	16	 	16
28	 	1404	 	177	 	16	 	16
28	 	484	 	48	 	16	 	16
28	 	1206	 	48	 	16	 	16
28	 	1251	 	48	 	16	 	16
28	 	1789	 	48	 	16	 	16
28	 	1813	 	48	 	16	 	16
28	 	1835	 	48	 	16	 	16
28	 	2055	 	48	 	16	 	16
28	 	469	 	48	 	16	 	16
28	 	2376	 	66	 	16	 	16
28	 	2402	 	86	 	16	 	16
30	 	912	 	48	 	16	 	24
30	 	944	 	48	 	16	 	24
30	 	1088	 	48	 	16	 	24
38	 	2608	 	48	 	16	 	24
40	 	1911	 	96	 	16	 	24
40	 	2009	 	112	 	16	 	24
40	 	2102	 	80	 	16	 	24
42	 	3369	 	80	 	16	 	24
44	 	2496	 	176	 	48	 	8
44	 	2496	 	85	 	48	 	8
50	 	2740	 	163	 	48	 	8
50	 	2740	 	70	 	48	 	8
13	 	3664	 	48	 	16	 	16
14	 	3670	 	64	 	2	 	144
15	 	3667	 	208	 	8	 	8
18	 	3656	 	191	 	16	 	16
-1	 	1	 	46	 	1531	 	11
-1	 	1584	 	47	 	588	 	11
-1	 	2273	 	46	 	187	 	14
-1	 	2578	 	47	 	122	 	14
-1	 	3073	 	46	 	748	 	10
-1	 	1907	 	95	 	25	 	47
-1	 	2003	 	110	 	25	 	61
-1	 	2098	 	78	 	26	 	28
-1	 	3362	 	78	 	27	 	29
-1	 	530	 	63	 	11	 	13
-1	 	561	 	78	 	13	 	29
-1	 	593	 	94	 	13	 	44
-1	 	625	 	111	 	13	 	62
-1	 	657	 	111	 	13	 	62
-1	 	690	 	94	 	12	 	45
-1	 	753	 	95	 	13	 	46
-1	 	785	 	79	 	13	 	29
-1	 	2434	 	111	 	26	 	64
-1	 	2417	 	95	 	13	 	29
-1	 	2401	 	79	 	14	 	30
-1	 	2385	 	63	 	13	 	15
-1	 	2210	 	95	 	28	 	78
-1	 	259	 	223	 	12	 	109
-1	 	355	 	223	 	522	 	14
-1	 	1013	 	223	 	587	 	14
-1	 	1698	 	222	 	764	 	11
-1	 	2832	 	222	 	109	 	13
-1	 	2818	 	95	 	247	 	43
-1	 	2979	 	224	 	86	 	127
-1	 	3108	 	222	 	183	 	44
-1	 	3264	 	176	 	27	 	92
-1	 	1602	 	141	 	89	 	26
-1	 	1411	 	174	 	26	 	44
-1	 	1475	 	206	 	57	 	27
-1	 	1315	 	207	 	58	 	27
-1	 	1187	 	208	 	89	 	27
-1	 	1252	 	178	 	24	 	64
-1	 	1331	 	176	 	10	 	61
-1	 	1123	 	209	 	25	 	29
-1	 	1090	 	176	 	26	 	77
-1	 	914	 	143	 	12	 	28
-1	 	926	 	142	 	46	 	13
-1	 	960	 	128	 	11	 	14
-1	 	1409	 	130	 	12	 	16
-1	 	3506	 	176	 	26	 	124
-1	 	3488	 	158	 	16	 	106
-1	 	3472	 	143	 	15	 	92
-1	 	3457	 	125	 	14	 	74
-1	 	3442	 	111	 	15	 	61
-1	 	3426	 	94	 	14	 	42
-1	 	3409	 	79	 	14	 	27
-1	 	3393	 	64	 	16	 	14